xof 0303txt 0032
template XSkinMeshHeader {
 <3cf169ce-ff7c-44ab-93c0-f78f62d172e2>
 WORD nMaxSkinWeightsPerVertex;
 WORD nMaxSkinWeightsPerFace;
 WORD nBones;
}

template VertexDuplicationIndices {
 <b8d65549-d7c9-4995-89cf-53a9a8b031e3>
 DWORD nIndices;
 DWORD nOriginalVertices;
 array DWORD indices[nIndices];
}

template SkinWeights {
 <6f0d123b-bad2-4167-a0d0-80224f25fabb>
 STRING transformNodeName;
 DWORD nWeights;
 array DWORD vertexIndices[nWeights];
 array FLOAT weights[nWeights];
 Matrix4x4 matrixOffset;
}

template AnimTicksPerSecond {
 <9e415a43-7ba6-4a73-8743-b73d47e88476>
 DWORD AnimTicksPerSecond;
}

template VertexElement {
 <f752461c-1e23-48f6-b9f8-8350850f336f>
 DWORD Type;
 DWORD Method;
 DWORD Usage;
 DWORD UsageIndex;
}

template DeclData {
 <bf22e553-292c-4781-9fea-62bd554bdd93>
 DWORD nElements;
 array VertexElement Elements[nElements];
 DWORD nDWords;
 array DWORD data[nDWords];
}


AnimTicksPerSecond {
 16;
}

Frame Dummy01 {
 

 FrameTransformMatrix {
  1.000000,0.000000,0.000000,0.000000,0.000000,-0.000000,-1.000000,0.000000,0.000000,1.000000,-0.000000,0.000000,0.000000,0.000000,0.000000,1.000000;;
 }

 Frame Bip01 {
  

  FrameTransformMatrix {
   0.203207,-0.029350,0.978696,0.000000,0.026257,-0.999028,-0.035412,0.000000,0.978784,0.032894,-0.202238,0.000000,-0.005633,-0.152345,0.078784,1.000000;;
  }

  Frame Bip01_Pelvis {
   

   FrameTransformMatrix {
    -0.167480,0.984690,-0.048326,0.000000,-0.064562,0.037959,0.997192,0.000000,0.983759,0.170129,0.057216,0.000000,0.000000,0.000000,0.000000,1.000000;;
   }

   Frame Bip01_Spine {
    

    FrameTransformMatrix {
     0.984600,-0.132643,0.113876,0.000000,0.122804,0.988388,0.089486,0.000000,-0.124423,-0.074123,0.989457,0.000000,0.050853,0.001966,0.008700,1.000000;;
    }

    Frame Bip01_Spine1 {
     

     FrameTransformMatrix {
      0.979309,-0.197212,-0.045395,0.000000,0.201763,0.968839,0.143678,0.000000,0.015645,-0.149864,0.988583,0.000000,0.106479,0.000013,-0.000084,1.000000;;
     }

     Frame Bip01_Neck {
      

      FrameTransformMatrix {
       0.991186,0.000000,0.132476,0.000000,-0.000000,1.000000,-0.000000,0.000000,-0.132476,-0.000000,0.991186,0.000000,0.130508,0.000000,0.004625,1.000000;;
      }

      Frame Bip01_Head {
       

       FrameTransformMatrix {
        0.922100,0.201276,-0.330485,0.000000,0.030005,0.814308,0.579657,0.000000,0.385788,-0.544417,0.744834,0.000000,0.033674,0.000000,0.000000,1.000000;;
       }
      }

      Frame Bip01_L_Clavicle {
       

       FrameTransformMatrix {
        0.038270,0.997146,0.065073,0.000000,0.990385,-0.029186,-0.135227,0.000000,-0.132942,0.069622,-0.988676,0.000000,-0.024429,0.015715,-0.001402,1.000000;;
       }

       Frame Bip01_L_UpperArm {
        

        FrameTransformMatrix {
         0.784208,-0.424883,0.452208,0.000000,0.586022,0.267608,-0.764829,0.000000,0.203949,0.864789,0.458852,0.000000,0.087086,0.000000,0.000000,1.000000;;
        }

        Frame Bip01_L_Forearm {
         

         FrameTransformMatrix {
          -0.823371,0.000000,-0.567503,0.000000,-0.000000,1.000000,0.000000,0.000000,0.567503,0.000000,-0.823371,0.000000,0.137062,-0.000000,-0.000000,1.000000;;
         }

         Frame Bip01_L_Hand {
          

          FrameTransformMatrix {
           0.991182,-0.069903,0.112572,0.000000,-0.124882,-0.208703,0.969973,0.000000,-0.044309,-0.975478,-0.215592,0.000000,0.137062,-0.000000,0.000000,1.000000;;
          }

          Frame Bip01_L_Finger0 {
           

           FrameTransformMatrix {
            0.829256,-0.514255,0.218807,0.000000,0.558537,0.749101,-0.356210,0.000000,0.019274,0.417601,0.908427,0.000000,0.057681,-0.023605,-0.000272,1.000000;;
           }
          }

          Frame Bip01_L_Finger1 {
           

           FrameTransformMatrix {
            0.989590,-0.000115,0.143914,0.000000,0.000000,1.000000,0.000796,0.000000,-0.143914,-0.000788,0.989590,0.000000,0.084102,0.000000,0.000000,1.000000;;
           }
          }
         }
        }
       }
      }

      Frame Bip01_R_Clavicle {
       

       FrameTransformMatrix {
        -0.046058,-0.938378,-0.342528,0.000000,-0.991081,0.000000,0.133265,0.000000,-0.125053,0.345610,-0.930008,0.000000,-0.024429,-0.015715,-0.001401,1.000000;;
       }

       Frame Bip01_R_UpperArm {
        

        FrameTransformMatrix {
         0.983870,0.002695,-0.178863,0.000000,0.083281,0.878015,0.471332,0.000000,0.158315,-0.478625,0.863629,0.000000,0.087086,0.000000,0.000000,1.000000;;
        }

        Frame Bip01_R_Forearm {
         

         FrameTransformMatrix {
          0.994426,0.000000,-0.105438,0.000000,-0.000000,1.000000,0.000000,0.000000,0.105438,0.000000,0.994426,0.000000,0.137062,0.000000,-0.000000,1.000000;;
         }

         Frame Bip01_R_Hand {
          

          FrameTransformMatrix {
           0.999813,0.018901,-0.004180,0.000000,-0.011176,0.387295,-0.921888,0.000000,-0.015806,0.921762,0.387434,0.000000,0.137062,-0.000000,-0.000000,1.000000;;
          }

          Frame Bip01_R_Finger0 {
           

           FrameTransformMatrix {
            0.829256,0.514255,0.218807,0.000000,-0.558537,0.749101,0.356210,0.000000,0.019274,-0.417601,0.908427,0.000000,0.057681,0.023605,-0.000272,1.000000;;
           }
          }

          Frame Bip01_R_Finger1 {
           

           FrameTransformMatrix {
            0.989590,0.000115,0.143914,0.000000,-0.000000,1.000000,-0.000796,0.000000,-0.143914,0.000788,0.989590,0.000000,0.084102,0.000000,0.000000,1.000000;;
           }
          }
         }
        }
       }
      }
     }

     Frame Bip01_BackPack {
      

      FrameTransformMatrix {
       0.180560,0.080500,-0.980264,0.000000,0.047560,0.994764,0.090451,0.000000,0.982413,-0.062954,0.175786,0.000000,0.063697,0.000003,-0.088856,1.000000;;
      }
     }
    }

    Frame Bip01_L_Thigh {
     

     FrameTransformMatrix {
      -0.988399,-0.133085,0.073186,0.000000,0.105355,-0.947858,-0.300776,0.000000,0.109398,-0.289576,0.950883,0.000000,-0.058126,0.045617,-0.006229,1.000000;;
     }

     Frame Bip01_L_Calf {
      

      FrameTransformMatrix {
       0.949883,-0.000000,-0.312606,0.000000,0.000000,1.000000,0.000000,0.000000,0.312606,0.000000,0.949883,0.000000,0.237500,-0.000000,0.000000,1.000000;;
      }

      Frame Bip01_L_Foot {
       

       FrameTransformMatrix {
        0.989470,-0.141687,-0.029570,0.000000,0.133756,0.973165,-0.187243,0.000000,0.055306,0.181316,0.981868,0.000000,0.206841,0.000000,-0.000000,1.000000;;
       }

       Frame Bip01_L_Toe0 {
        

        FrameTransformMatrix {
         -0.772974,-0.000047,0.634438,0.000000,-0.000038,1.000000,0.000028,0.000000,-0.634438,-0.000002,-0.772974,0.000000,0.065373,0.000000,0.066450,1.000000;;
        }
       }
      }
     }
    }

    Frame Bip01_R_Thigh {
     

     FrameTransformMatrix {
      -0.955652,-0.243426,-0.165753,0.000000,0.293481,-0.833953,-0.467323,0.000000,-0.024472,-0.495243,0.868410,0.000000,-0.043475,-0.063551,0.001958,1.000000;;
     }

     Frame Bip01_R_Calf {
      

      FrameTransformMatrix {
       0.998955,0.000000,-0.045701,0.000000,-0.000000,1.000000,-0.000000,0.000000,0.045701,0.000000,0.998955,0.000000,0.237500,0.000000,0.000000,1.000000;;
      }

      Frame Bip01_R_Foot {
       

       FrameTransformMatrix {
        0.996822,-0.000740,-0.079656,0.000000,-0.022875,0.955181,-0.295137,0.000000,0.076305,0.296021,0.952129,0.000000,0.206841,0.000000,0.000000,1.000000;;
       }

       Frame Bip01_R_Toe0 {
        

        FrameTransformMatrix {
         -0.820619,0.511196,-0.255468,0.000000,0.476091,0.364266,-0.800405,0.000000,-0.316105,-0.778453,-0.542299,0.000000,0.065373,-0.000000,0.066450,1.000000;;
        }
       }
      }
     }
    }
   }

   Frame Bip01_DressFront {
    

    FrameTransformMatrix {
     -0.951447,-0.086510,-0.295405,0.000000,-0.084016,0.996240,-0.021149,0.000000,0.296124,0.004697,-0.955138,0.000000,-0.044045,0.001399,0.061081,1.000000;;
    }

    Frame Bip01_DressFront02 {
     

     FrameTransformMatrix {
      0.946169,0.038599,0.321363,0.000000,-0.067092,0.994688,0.078063,0.000000,-0.316643,-0.095421,0.943733,0.000000,0.183366,0.000013,-0.000124,1.000000;;
     }
    }
   }

   Frame Bip01_DressBack {
    

    FrameTransformMatrix {
     -0.989676,0.003662,-0.143274,0.000000,0.005314,0.999924,-0.011154,0.000000,0.143222,-0.011800,-0.989620,0.000000,-0.047753,0.000002,-0.078281,1.000000;;
    }

    Frame Bip01_DressBack02 {
     

     FrameTransformMatrix {
      0.992730,0.000000,0.120362,0.000000,-0.000000,1.000000,0.000000,0.000000,-0.120362,-0.000000,0.992730,0.000000,0.176172,-0.000000,-0.000108,1.000000;;
     }
    }
   }
  }

  Frame Bip01_Prop1 {
   

   FrameTransformMatrix {
    -0.497244,0.299158,0.814404,0.000000,0.841210,0.396033,0.368134,0.000000,-0.212401,0.868137,-0.448580,0.000000,-0.128456,0.108353,-0.382351,1.000000;;
   }
  }

  Frame Bip01_Prop2 {
   

   FrameTransformMatrix {
    0.520909,-0.799055,0.300276,0.000000,0.799649,0.333701,-0.499204,0.000000,0.298689,0.500155,0.812791,0.000000,0.037708,0.226317,0.062474,1.000000;;
   }
  }
 }
}

Frame Translation_Data {
 

 FrameTransformMatrix {
  0.000000,0.000000,-1.000000,0.000000,-1.000000,-0.000000,-0.000000,0.000000,-0.000000,1.000000,-0.000000,0.000000,0.000000,-0.000000,0.000000,1.000000;;
 }
}

Frame Body {
 

 FrameTransformMatrix {
  1.000000,0.000000,0.000000,0.000000,0.000000,1.000000,0.000000,0.000000,0.000000,0.000000,1.000000,0.000000,0.000000,0.000000,0.000000,1.000000;;
 }

 Mesh Body {
  1461;
  0.003356;0.092535;0.441657;,
  -0.039184;0.077363;0.441294;,
  -0.023543;0.095890;0.417477;,
  0.021482;0.097154;0.427037;,
  0.034615;0.096298;0.409205;,
  -0.005014;0.115356;0.393056;,
  0.023157;0.121589;0.365170;,
  0.054863;0.087110;0.375108;,
  -0.046318;0.038185;0.456167;,
  -0.006525;0.047563;0.458898;,
  0.005858;0.014857;0.451190;,
  -0.023597;0.008727;0.440836;,
  0.061887;0.010665;0.193387;,
  0.015977;-0.000456;0.183844;,
  0.019167;0.004508;0.200005;,
  0.056917;0.016553;0.207447;,
  0.065580;0.070861;0.218071;,
  0.074102;0.051537;0.186331;,
  0.046665;0.107810;0.218260;,
  0.044446;0.106130;0.161762;,
  0.068064;0.088655;0.168871;,
  -0.043880;0.120520;0.380882;,
  -0.026932;0.134242;0.348686;,
  -0.024235;0.011755;0.179566;,
  -0.022057;0.015818;0.196618;,
  0.022389;0.000652;0.311186;,
  -0.027926;0.003498;0.299026;,
  -0.036836;-0.005957;0.334442;,
  0.016610;-0.007121;0.353915;,
  0.047871;0.111153;0.118282;,
  0.050910;0.125091;0.019548;,
  0.091894;0.101563;0.014838;,
  0.083522;0.076385;0.112505;,
  0.051528;0.139363;-0.076234;,
  0.085239;0.098800;-0.078819;,
  -0.001441;0.083994;0.114013;,
  0.001567;0.011988;0.080738;,
  0.021645;0.020902;0.005260;,
  0.006490;0.094729;0.014813;,
  0.036256;0.054345;-0.079758;,
  0.028573;0.095789;-0.080977;,
  0.079194;0.020524;0.085932;,
  0.099777;0.037670;0.007711;,
  0.076622;0.059135;-0.076271;,
  0.104977;0.045121;-0.344371;,
  0.061996;0.034010;-0.351731;,
  0.080179;-0.009581;-0.339383;,
  0.112833;0.001513;-0.334310;,
  0.057684;0.109691;-0.133967;,
  0.059748;0.097934;-0.207100;,
  0.091970;0.072707;-0.204672;,
  0.092069;0.084721;-0.130931;,
  0.063055;0.083378;-0.286933;,
  0.087042;0.059236;-0.281756;,
  0.019863;0.079411;-0.150001;,
  0.026522;0.028566;-0.128154;,
  0.034777;0.028996;-0.193502;,
  0.033206;0.069576;-0.207102;,
  0.057945;0.032131;-0.269900;,
  0.053291;0.052006;-0.293194;,
  0.097753;0.037068;-0.119044;,
  0.096467;0.036070;-0.193573;,
  0.080856;0.037390;-0.263552;,
  0.080241;0.050483;0.157038;,
  0.008425;0.129738;0.156436;,
  0.006692;0.123023;0.119856;,
  -0.001441;0.083994;0.114013;,
  0.068054;-0.000348;0.141184;,
  0.013646;-0.009488;0.135001;,
  0.073426;0.013863;0.096205;,
  0.024188;-0.001238;0.094763;,
  0.026867;0.009743;0.261177;,
  0.054980;0.014155;0.319464;,
  0.066518;0.028999;0.329094;,
  0.065426;0.082459;0.337310;,
  0.061504;0.079633;0.278656;,
  0.061451;0.029170;0.270891;,
  0.037237;0.122512;0.331314;,
  0.044882;0.112633;0.274570;,
  -0.011959;0.135792;0.319811;,
  -0.000342;0.126135;0.261708;,
  0.074631;0.087241;0.428089;,
  0.042315;0.052321;0.402952;,
  0.122099;0.069585;0.428075;,
  0.097653;0.027411;0.393237;,
  0.140685;-0.003296;0.415004;,
  0.162364;0.031949;0.440119;,
  0.042957;0.012348;0.448927;,
  0.088295;-0.011040;0.446147;,
  0.097653;0.027411;0.393237;,
  0.153170;-0.021515;0.420162;,
  0.140685;-0.003296;0.415004;,
  0.044588;0.014154;0.459995;,
  0.065710;0.048093;0.480400;,
  0.112509;0.031288;0.481158;,
  0.174989;0.013683;0.444914;,
  0.072934;0.075941;0.455759;,
  0.136907;0.041705;0.457091;,
  0.106750;0.001393;0.429416;,
  0.076541;0.048455;0.405864;,
  0.097042;0.072309;0.424787;,
  0.056013;0.078942;0.386883;,
  0.066804;0.099777;0.395503;,
  0.106750;0.001393;0.429416;,
  0.149950;-0.001368;0.385161;,
  0.119176;0.053733;0.368070;,
  0.076541;0.048455;0.405864;,
  0.084105;0.082573;0.359512;,
  0.056013;0.078942;0.386883;,
  0.179657;0.038808;0.412796;,
  0.134829;0.071811;0.382977;,
  0.091140;0.100241;0.366661;,
  -0.022678;0.171234;0.327902;,
  -0.024814;0.149718;0.331945;,
  0.006602;0.130245;0.301082;,
  0.008404;0.151581;0.297525;,
  -0.012698;0.135453;0.370460;,
  -0.011778;0.142014;0.361409;,
  -0.004931;0.149497;0.365674;,
  -0.009482;0.143346;0.378428;,
  0.053229;0.087515;0.339248;,
  0.039045;0.116631;0.320621;,
  0.018396;0.127633;0.367926;,
  0.024900;0.095438;0.379333;,
  0.075914;0.116679;0.347393;,
  0.044720;0.135756;0.320309;,
  0.047413;0.125216;0.390017;,
  0.025523;0.146148;0.366228;,
  0.020844;0.044607;0.472552;,
  0.023090;0.073857;0.478328;,
  -0.006525;0.047563;0.458898;,
  -0.006461;0.069900;0.457729;,
  0.051353;0.006269;0.370339;,
  -0.034177;0.064032;0.456069;,
  0.026110;0.096452;0.460366;,
  0.003356;0.092535;0.441657;,
  0.021482;0.097154;0.427037;,
  0.041107;0.091548;0.430790;,
  0.038017;0.010161;0.422393;,
  0.004752;-0.004547;0.393330;,
  0.038865;0.013639;0.428264;,
  -0.047582;-0.003919;0.368049;,
  -0.065756;0.017596;0.421092;,
  0.005858;0.014857;0.451190;,
  0.038865;0.013639;0.428264;,
  0.036985;0.068889;0.403351;,
  0.043550;0.023838;0.421137;,
  0.042315;0.052321;0.402952;,
  0.056541;0.038139;0.371432;,
  0.053373;0.073266;0.369968;,
  0.034615;0.096298;0.409205;,
  0.059622;0.021651;0.374018;,
  0.024900;0.095438;0.379333;,
  -0.048488;0.046179;0.475047;,
  -0.045184;0.067806;0.478591;,
  -0.074347;0.035412;0.447588;,
  -0.069822;0.032867;0.467877;,
  0.025523;0.146148;0.366228;,
  -0.022678;0.171234;0.327902;,
  0.008404;0.151581;0.297525;,
  -0.003939;0.118001;0.374576;,
  0.007858;0.137758;0.386471;,
  -0.003939;0.118001;0.374576;,
  0.001675;0.128935;0.361701;,
  0.020845;0.142526;0.369019;,
  0.020845;0.142526;0.369019;,
  -0.012698;0.135453;0.370460;,
  -0.009482;0.143346;0.378428;,
  -0.004931;0.149497;0.365674;,
  0.085391;0.122696;-0.341129;,
  0.046226;0.147265;-0.357727;,
  0.049456;0.150976;-0.377094;,
  0.093249;0.127160;-0.362790;,
  0.066672;0.005358;-0.310440;,
  0.080179;-0.009581;-0.339383;,
  0.061996;0.034010;-0.351731;,
  0.054711;0.040572;-0.328601;,
  0.057945;0.032131;-0.269900;,
  0.080856;0.037390;-0.263552;,
  0.104880;0.019343;-0.301521;,
  0.104977;0.045121;-0.344371;,
  0.112833;0.001513;-0.334310;,
  0.097951;0.054264;-0.311270;,
  0.063055;0.083378;-0.286933;,
  0.087042;0.059236;-0.281756;,
  0.019489;0.130359;-0.379743;,
  0.023897;0.128402;-0.362194;,
  0.093249;0.127160;-0.362790;,
  0.019489;0.130359;-0.379743;,
  0.006490;0.094729;0.014813;,
  0.028573;0.095789;-0.080977;,
  0.019863;0.079411;-0.150001;,
  0.033206;0.069576;-0.207102;,
  0.053291;0.052006;-0.293194;,
  0.053291;0.052006;-0.293194;,
  -0.005755;0.077682;0.097649;,
  -0.045776;0.099653;0.487935;,
  -0.063638;0.111437;0.486310;,
  -0.069169;0.107649;0.477304;,
  -0.055517;0.082744;0.474931;,
  -0.040123;0.070819;0.498642;,
  -0.035447;0.047288;0.501285;,
  -0.088049;0.048622;0.612573;,
  -0.104304;0.036669;0.611423;,
  -0.118944;0.062029;0.605620;,
  -0.097220;0.115037;0.564061;,
  -0.098331;0.097294;0.587868;,
  -0.114622;0.111642;0.559773;,
  -0.042185;0.090341;0.514531;,
  -0.063006;0.110443;0.507642;,
  -0.043020;0.088136;0.496219;,
  -0.034819;0.065805;0.543985;,
  -0.048612;0.080275;0.558213;,
  -0.056508;0.072349;0.593703;,
  -0.078708;0.089274;0.594613;,
  -0.067102;0.100288;0.558487;,
  -0.025520;0.026180;0.543882;,
  -0.027854;0.050523;0.543448;,
  -0.050513;-0.003500;0.531627;,
  -0.063202;-0.008960;0.578943;,
  -0.042585;0.017011;0.588346;,
  -0.063704;0.107202;0.537129;,
  -0.088405;0.119525;0.533213;,
  -0.077602;0.119516;0.498919;,
  -0.093535;0.129134;0.474291;,
  -0.114333;0.127351;0.467600;,
  -0.101794;0.111538;0.461300;,
  -0.098847;0.081654;0.602950;,
  -0.070906;0.062075;0.608275;,
  -0.041188;0.040663;0.593968;,
  -0.059056;0.034688;0.608351;,
  -0.082480;0.007146;0.604279;,
  -0.069756;0.018793;0.607426;,
  -0.053271;0.018328;0.498009;,
  -0.041188;0.040663;0.593968;,
  -0.059056;0.034688;0.608351;,
  -0.039238;0.079568;0.543402;,
  -0.039251;0.092302;0.518431;,
  -0.026210;0.072731;0.542063;,
  -0.035539;0.071220;0.560730;,
  -0.026210;0.072731;0.542063;,
  -0.039251;0.092302;0.518431;,
  -0.035539;0.071220;0.560730;,
  -0.048612;0.080275;0.558213;,
  -0.049572;0.093809;0.537016;,
  -0.042185;0.090341;0.514531;,
  -0.090998;0.112031;0.554009;,
  -0.049572;0.093809;0.537016;,
  -0.034177;0.064032;0.456069;,
  -0.045184;0.067806;0.478591;,
  -0.006461;0.069900;0.457729;,
  -0.040123;0.070819;0.498642;,
  -0.061225;0.098987;0.423788;,
  -0.052867;0.107200;0.402716;,
  0.005823;0.122652;0.215398;,
  -0.026657;0.002415;0.132328;,
  -0.023970;0.011746;0.099429;,
  -0.020081;0.018399;0.082687;,
  -0.081510;0.100468;0.456737;,
  -0.005755;0.077682;0.097649;,
  -0.069756;0.018793;0.607426;,
  -0.082480;0.007146;0.604279;,
  -0.099389;0.123050;0.505153;,
  -0.111846;0.116888;0.525857;,
  -0.110850;0.120416;0.516926;,
  -0.125164;0.074775;0.599391;,
  -0.130604;0.092305;0.581768;,
  -0.109964;0.106319;0.548844;,
  -0.018908;0.015863;0.251632;,
  -0.006461;0.069900;0.457729;,
  0.049456;0.150976;-0.377094;,
  -0.099060;0.124763;0.498775;,
  -0.109095;0.126835;0.496257;,
  -0.107614;0.122307;0.499921;,
  -0.130308;0.122348;0.523598;,
  -0.123951;0.117915;0.513566;,
  -0.111036;0.124602;0.504580;,
  -0.117327;0.116455;0.497090;,
  -0.120065;0.123278;0.492036;,
  -0.132023;0.108247;0.555485;,
  -0.128796;0.108382;0.545842;,
  0.043550;0.023838;0.421137;,
  -0.122412;0.121466;0.502317;,
  0.031212;0.051558;0.402909;,
  0.036985;0.068889;0.403351;,
  0.034615;0.096298;0.409205;,
  -0.027854;0.050523;0.543448;,
  0.057684;0.109691;-0.133967;,
  0.006565;0.104447;-0.116183;,
  0.011863;0.079027;-0.188114;,
  0.059748;0.097934;-0.207100;,
  0.051528;0.139363;-0.076234;,
  0.012952;0.127683;-0.066975;,
  0.050910;0.125091;0.019548;,
  0.004338;0.122639;0.026256;,
  0.047871;0.111153;0.118282;,
  0.004570;0.123626;0.114605;,
  0.044446;0.106130;0.161762;,
  0.008653;0.060840;-0.257437;,
  0.063055;0.083378;-0.286933;,
  0.039136;0.001696;-0.200747;,
  0.044668;-0.006677;-0.270289;,
  -0.020015;-0.007335;-0.287276;,
  -0.018047;-0.000244;-0.214140;,
  -0.014304;0.015041;-0.147651;,
  0.032384;0.015156;-0.128068;,
  -0.014125;0.019473;-0.088471;,
  0.032403;0.023588;-0.081415;,
  0.022208;0.006010;0.003945;,
  -0.013756;0.013673;0.004595;,
  -0.023339;0.013616;0.071856;,
  0.031212;0.051558;0.402909;,
  -0.127788;0.085893;0.391224;,
  -0.130580;0.092541;0.368928;,
  -0.085833;0.100121;0.394419;,
  -0.091723;0.080932;0.421845;,
  -0.124793;0.106454;0.349763;,
  -0.116138;0.104146;0.320485;,
  -0.078724;0.131738;0.332626;,
  -0.081611;0.120559;0.364701;,
  -0.100666;0.041877;0.436048;,
  -0.111312;0.014685;0.408365;,
  -0.135971;0.019911;0.396956;,
  -0.123525;0.039681;0.412230;,
  -0.098796;0.055039;0.192849;,
  -0.090856;0.055344;0.202727;,
  -0.063654;0.026249;0.197359;,
  -0.065042;0.021918;0.183573;,
  -0.071973;0.106969;0.213678;,
  -0.088261;0.096376;0.185787;,
  -0.037170;0.129817;0.215582;,
  -0.066790;0.124428;0.168049;,
  -0.034639;0.127971;0.161498;,
  -0.022057;0.015818;0.196618;,
  -0.024235;0.011755;0.179566;,
  -0.076788;0.014464;0.285800;,
  -0.090898;0.003590;0.319573;,
  -0.036836;-0.005957;0.334442;,
  -0.027926;0.003498;0.299026;,
  -0.071171;0.133155;0.112167;,
  -0.097085;0.091211;0.113684;,
  -0.118928;0.083311;0.015737;,
  -0.091598;0.122009;0.012416;,
  -0.114459;0.065967;-0.076715;,
  -0.100393;0.117075;-0.078764;,
  -0.023998;0.124263;0.106110;,
  -0.038673;0.112246;0.007830;,
  -0.021502;0.038334;0.011501;,
  -0.011448;0.038779;0.084390;,
  -0.061857;0.086117;-0.083922;,
  -0.051640;0.045075;-0.080399;,
  -0.099292;0.021703;0.019488;,
  -0.084494;0.039465;0.093337;,
  -0.090070;0.033289;-0.073415;,
  -0.124090;0.021009;-0.348096;,
  -0.093808;-0.012641;-0.344196;,
  -0.065555;0.006838;-0.350312;,
  -0.089702;0.048837;-0.356345;,
  -0.099734;0.090627;-0.132535;,
  -0.121070;0.053858;-0.129725;,
  -0.124660;0.048275;-0.204142;,
  -0.105331;0.084372;-0.206159;,
  -0.122101;0.041356;-0.282875;,
  -0.115457;0.074819;-0.286160;,
  -0.055182;0.079213;-0.154655;,
  -0.070017;0.069047;-0.211328;,
  -0.054081;0.030342;-0.202266;,
  -0.038956;0.028496;-0.138184;,
  -0.092576;0.061119;-0.295788;,
  -0.082411;0.033969;-0.275787;,
  -0.113219;0.012188;-0.196898;,
  -0.106328;0.007171;-0.122840;,
  -0.103812;0.025393;-0.267735;,
  -0.093888;0.098571;0.156455;,
  -0.023998;0.124263;0.106110;,
  -0.067373;0.012886;0.134729;,
  -0.109416;0.048663;0.140590;,
  -0.051260;0.023467;0.098051;,
  -0.090716;0.044839;0.100575;,
  -0.064277;0.025972;0.243813;,
  -0.104538;0.036370;0.278632;,
  -0.114882;0.054261;0.282661;,
  -0.091101;0.056333;0.241829;,
  -0.076425;0.104192;0.252380;,
  -0.103640;0.106003;0.294034;,
  -0.049014;0.129352;0.256682;,
  -0.066402;0.136944;0.304785;,
  -0.180959;0.077873;0.367646;,
  -0.230159;0.072899;0.356708;,
  -0.151372;0.056313;0.328207;,
  -0.281774;0.062363;0.332959;,
  -0.264444;0.045481;0.290818;,
  -0.208124;0.052182;0.304985;,
  -0.164129;-0.001015;0.344412;,
  -0.208124;0.052182;0.304985;,
  -0.211759;-0.009625;0.328056;,
  -0.264444;0.045481;0.290818;,
  -0.259909;-0.004644;0.312091;,
  -0.166895;-0.005157;0.354591;,
  -0.233565;0.011079;0.380013;,
  -0.185051;0.015904;0.389821;,
  -0.277192;0.012138;0.354116;,
  -0.184642;0.053406;0.384498;,
  -0.307957;0.066420;0.325323;,
  -0.358911;0.056168;0.295860;,
  -0.350755;0.042191;0.262912;,
  -0.291291;0.045139;0.274631;,
  -0.402378;0.044742;0.273595;,
  -0.389621;0.032920;0.252636;,
  -0.291291;0.045139;0.274631;,
  -0.350755;0.042191;0.262912;,
  -0.351579;-0.006956;0.292201;,
  -0.289112;-0.012636;0.298791;,
  -0.389621;0.032920;0.252636;,
  -0.395145;0.002460;0.276401;,
  -0.357548;0.004115;0.317418;,
  -0.305697;0.008347;0.349296;,
  -0.403560;0.010136;0.288334;,
  -0.512685;0.036101;0.201583;,
  -0.509298;0.000392;0.233023;,
  -0.491518;-0.010454;0.226908;,
  -0.494549;0.025513;0.195036;,
  -0.457213;0.046238;0.198232;,
  -0.457459;0.057429;0.201517;,
  -0.468863;0.051538;0.209032;,
  -0.467502;0.043437;0.201713;,
  -0.424846;-0.007856;0.258605;,
  -0.412789;0.027898;0.226226;,
  -0.445530;0.039536;0.227439;,
  -0.461552;-0.003804;0.252937;,
  -0.474752;0.008167;0.261912;,
  -0.436328;0.017151;0.284571;,
  -0.423207;0.055254;0.251738;,
  -0.458783;0.050060;0.237931;,
  -0.149929;0.023914;0.405167;,
  -0.163236;0.050688;0.404973;,
  -0.128258;0.062096;0.410629;,
  -0.123525;0.039681;0.412230;,
  -0.125595;0.023898;0.313816;,
  -0.106656;0.068955;0.429239;,
  -0.158814;0.073530;0.388870;,
  -0.152154;0.072214;0.359141;,
  -0.130580;0.092541;0.368928;,
  -0.127788;0.085893;0.391224;,
  -0.143912;0.018683;0.350542;,
  -0.147717;0.021715;0.354557;,
  -0.103399;0.002799;0.353295;,
  -0.047582;-0.003919;0.368049;,
  -0.065756;0.017596;0.421092;,
  -0.135971;0.019911;0.396956;,
  -0.147717;0.021715;0.354557;,
  -0.125222;0.073730;0.341527;,
  -0.151372;0.056313;0.328207;,
  -0.143845;0.029042;0.347365;,
  -0.114546;0.089994;0.316330;,
  -0.124441;0.056169;0.313620;,
  -0.124793;0.106454;0.349763;,
  -0.131455;0.040687;0.312983;,
  -0.412789;0.027898;0.226226;,
  -0.106885;0.053566;0.456421;,
  -0.094134;0.035644;0.458645;,
  -0.069822;0.032867;0.467877;,
  -0.074347;0.035412;0.447588;,
  -0.458783;0.050060;0.237931;,
  -0.512685;0.036101;0.201583;,
  -0.509298;0.000392;0.233023;,
  -0.444191;0.060207;0.216106;,
  -0.439499;0.038372;0.202982;,
  -0.439499;0.038372;0.202982;,
  -0.454315;0.035439;0.212401;,
  -0.455452;0.049873;0.232304;,
  -0.455452;0.049873;0.232304;,
  -0.457459;0.057429;0.201517;,
  -0.457213;0.046238;0.198232;,
  -0.468863;0.051538;0.209032;,
  -0.172398;0.083300;-0.334019;,
  -0.182887;0.081861;-0.354968;,
  -0.176011;0.132215;-0.365308;,
  -0.169187;0.130680;-0.346590;,
  -0.066042;0.023839;-0.319425;,
  -0.088044;0.056387;-0.332442;,
  -0.089702;0.048837;-0.356345;,
  -0.065555;0.006838;-0.350312;,
  -0.082411;0.033969;-0.275787;,
  -0.099588;0.001375;-0.309176;,
  -0.103812;0.025393;-0.267735;,
  -0.124090;0.021009;-0.348096;,
  -0.123614;0.028985;-0.313966;,
  -0.093808;-0.012641;-0.344196;,
  -0.115457;0.074819;-0.286160;,
  -0.122101;0.041356;-0.282875;,
  -0.141147;0.137239;-0.353303;,
  -0.141719;0.143558;-0.370360;,
  -0.141719;0.143558;-0.370360;,
  -0.182887;0.081861;-0.354968;,
  -0.038673;0.112246;0.007830;,
  -0.061857;0.086117;-0.083922;,
  -0.055182;0.079213;-0.154655;,
  -0.070017;0.069047;-0.211328;,
  -0.092576;0.061119;-0.295788;,
  -0.092576;0.061119;-0.295788;,
  -0.119883;0.051039;0.462451;,
  -0.103312;0.071713;0.457757;,
  -0.115116;0.077507;0.461504;,
  -0.123938;0.071880;0.465574;,
  -0.101856;0.030322;0.477413;,
  -0.084457;0.015137;0.484431;,
  -0.119680;0.027872;0.601696;,
  -0.104304;0.036669;0.611423;,
  -0.151730;0.079278;0.545316;,
  -0.141876;0.093763;0.550401;,
  -0.146946;0.065402;0.571150;,
  -0.132754;0.064689;0.483657;,
  -0.124852;0.036112;0.486103;,
  -0.114607;0.041175;0.471601;,
  -0.119292;0.010390;0.514936;,
  -0.133850;0.024359;0.528901;,
  -0.145537;0.048834;0.531515;,
  -0.148868;0.043249;0.570487;,
  -0.140595;0.017188;0.564787;,
  -0.108137;-0.002143;0.515840;,
  -0.088386;-0.015061;0.522264;,
  -0.050513;-0.003500;0.531627;,
  -0.095391;-0.017629;0.570187;,
  -0.063202;-0.008960;0.578943;,
  -0.142900;0.055249;0.509895;,
  -0.132312;0.083626;0.480105;,
  -0.144402;0.082791;0.513956;,
  -0.124878;0.108573;0.463512;,
  -0.140244;0.054498;0.588714;,
  -0.134166;0.020577;0.586521;,
  -0.114451;-0.001651;0.589302;,
  -0.118334;-0.009944;0.567439;,
  -0.097454;0.000623;0.597901;,
  -0.082480;0.007146;0.604279;,
  -0.053271;0.018328;0.498009;,
  -0.118334;-0.009944;0.567439;,
  -0.114451;-0.001651;0.589302;,
  -0.126679;0.006823;0.507514;,
  -0.129023;0.033411;0.487560;,
  -0.129406;0.020417;0.512395;,
  -0.130960;0.008623;0.527916;,
  -0.129023;0.033411;0.487560;,
  -0.126679;0.006823;0.507514;,
  -0.130960;0.008623;0.527916;,
  -0.133850;0.024359;0.528901;,
  -0.135623;0.037359;0.507425;,
  -0.124852;0.036112;0.486103;,
  -0.146532;0.075600;0.534911;,
  -0.135623;0.037359;0.507425;,
  -0.106885;0.053566;0.456421;,
  -0.106656;0.068955;0.429239;,
  -0.128258;0.062096;0.410629;,
  -0.101856;0.030322;0.477413;,
  -0.026657;0.002415;0.132328;,
  -0.023970;0.011746;0.099429;,
  -0.020081;0.018399;0.082687;,
  -0.005755;0.077682;0.097649;,
  -0.097454;0.000623;0.597901;,
  -0.082480;0.007146;0.604279;,
  -0.131724;0.101838;0.494034;,
  -0.131380;0.106949;0.509866;,
  -0.132067;0.103623;0.518904;,
  -0.133870;0.090636;0.540623;,
  -0.018908;0.015863;0.251632;,
  -0.128258;0.062096;0.410629;,
  -0.176011;0.132215;-0.365308;,
  -0.128151;0.114334;0.489704;,
  -0.130439;0.104179;0.487985;,
  -0.126373;0.110001;0.493470;,
  -0.129389;0.112562;0.498269;,
  -0.143845;0.029042;0.347365;,
  -0.121708;0.056808;0.342827;,
  -0.125222;0.073730;0.341527;,
  -0.124793;0.106454;0.349763;,
  -0.108137;-0.002143;0.515840;,
  -0.055030;0.116933;-0.116169;,
  -0.072517;0.098076;-0.188042;,
  -0.032219;0.086939;-0.183937;,
  -0.023687;0.108038;-0.110714;,
  -0.054810;0.134190;-0.070625;,
  -0.016147;0.129107;-0.062208;,
  -0.033955;0.138735;0.020012;,
  -0.008079;0.131569;0.025643;,
  -0.020646;0.148441;0.107653;,
  -0.000240;0.139089;0.110727;,
  0.008425;0.129738;0.156436;,
  -0.034639;0.127971;0.161498;,
  -0.083392;0.084236;-0.257113;,
  -0.039003;0.072463;-0.247451;,
  -0.052547;0.004932;-0.285127;,
  -0.103799;0.025396;-0.267736;,
  -0.113219;0.012188;-0.196898;,
  -0.048142;0.009822;-0.210060;,
  -0.106328;0.007171;-0.122840;,
  -0.042563;0.011805;-0.141198;,
  -0.034380;0.014641;-0.080282;,
  -0.090070;0.033289;-0.073415;,
  -0.099292;0.021703;0.019488;,
  -0.014894;0.022131;0.011864;,
  -0.023970;0.011746;0.099429;,
  -0.051260;0.023467;0.098051;,
  -0.121708;0.056808;0.342827;,
  -0.071171;0.133155;0.112167;,
  -0.091598;0.122009;0.012416;,
  -0.100393;0.117075;-0.078764;,
  -0.099734;0.090627;-0.132535;,
  -0.105331;0.084372;-0.206159;,
  -0.115457;0.074819;-0.286160;,
  0.079194;0.020524;0.085932;,
  0.099777;0.037670;0.007711;,
  0.024188;-0.001238;0.094763;,
  0.076622;0.059135;-0.076271;,
  0.097753;0.037068;-0.119044;,
  0.096467;0.036070;-0.193573;,
  0.080856;0.037390;-0.263552;,
  -0.084494;0.039465;0.093337;,
  0.003356;0.092535;0.441657;,
  0.003356;0.092535;0.441657;,
  -0.039184;0.077363;0.441294;,
  -0.039184;0.077363;0.441294;,
  -0.039184;0.077363;0.441294;,
  -0.039184;0.077363;0.441294;,
  -0.039184;0.077363;0.441294;,
  -0.039184;0.077363;0.441294;,
  0.021482;0.097154;0.427037;,
  0.021482;0.097154;0.427037;,
  0.034615;0.096298;0.409205;,
  0.034615;0.096298;0.409205;,
  0.034615;0.096298;0.409205;,
  0.023157;0.121589;0.365170;,
  0.023157;0.121589;0.365170;,
  0.023157;0.121589;0.365170;,
  0.023157;0.121589;0.365170;,
  0.023157;0.121589;0.365170;,
  0.054863;0.087110;0.375108;,
  0.054863;0.087110;0.375108;,
  0.054863;0.087110;0.375108;,
  0.054863;0.087110;0.375108;,
  0.054863;0.087110;0.375108;,
  -0.046318;0.038185;0.456167;,
  -0.046318;0.038185;0.456167;,
  -0.046318;0.038185;0.456167;,
  -0.046318;0.038185;0.456167;,
  -0.046318;0.038185;0.456167;,
  -0.046318;0.038185;0.456167;,
  -0.006525;0.047563;0.458898;,
  -0.006525;0.047563;0.458898;,
  0.005858;0.014857;0.451190;,
  0.005858;0.014857;0.451190;,
  0.005858;0.014857;0.451190;,
  0.019167;0.004508;0.200005;,
  0.019167;0.004508;0.200005;,
  0.019167;0.004508;0.200005;,
  0.019167;0.004508;0.200005;,
  0.019167;0.004508;0.200005;,
  0.056917;0.016553;0.207447;,
  0.056917;0.016553;0.207447;,
  0.056917;0.016553;0.207447;,
  0.056917;0.016553;0.207447;,
  0.056917;0.016553;0.207447;,
  0.065580;0.070861;0.218071;,
  0.065580;0.070861;0.218071;,
  0.065580;0.070861;0.218071;,
  0.065580;0.070861;0.218071;,
  0.065580;0.070861;0.218071;,
  0.065580;0.070861;0.218071;,
  0.046665;0.107810;0.218260;,
  0.046665;0.107810;0.218260;,
  0.046665;0.107810;0.218260;,
  0.046665;0.107810;0.218260;,
  0.046665;0.107810;0.218260;,
  0.068064;0.088655;0.168871;,
  0.068064;0.088655;0.168871;,
  0.068064;0.088655;0.168871;,
  0.068064;0.088655;0.168871;,
  0.068064;0.088655;0.168871;,
  0.068064;0.088655;0.168871;,
  -0.026932;0.134242;0.348686;,
  -0.026932;0.134242;0.348686;,
  -0.026932;0.134242;0.348686;,
  -0.026932;0.134242;0.348686;,
  -0.026932;0.134242;0.348686;,
  -0.022057;0.015818;0.196618;,
  -0.022057;0.015818;0.196618;,
  0.022389;0.000652;0.311186;,
  0.022389;0.000652;0.311186;,
  0.022389;0.000652;0.311186;,
  0.022389;0.000652;0.311186;,
  -0.027926;0.003498;0.299026;,
  -0.027926;0.003498;0.299026;,
  -0.036836;-0.005957;0.334442;,
  -0.036836;-0.005957;0.334442;,
  0.016610;-0.007121;0.353915;,
  0.016610;-0.007121;0.353915;,
  0.016610;-0.007121;0.353915;,
  0.016610;-0.007121;0.353915;,
  0.016610;-0.007121;0.353915;,
  0.047871;0.111153;0.118282;,
  0.047871;0.111153;0.118282;,
  0.047871;0.111153;0.118282;,
  0.047871;0.111153;0.118282;,
  0.047871;0.111153;0.118282;,
  0.047871;0.111153;0.118282;,
  0.083522;0.076385;0.112505;,
  0.083522;0.076385;0.112505;,
  0.083522;0.076385;0.112505;,
  0.083522;0.076385;0.112505;,
  0.083522;0.076385;0.112505;,
  0.083522;0.076385;0.112505;,
  0.051528;0.139363;-0.076234;,
  0.051528;0.139363;-0.076234;,
  0.051528;0.139363;-0.076234;,
  0.051528;0.139363;-0.076234;,
  0.051528;0.139363;-0.076234;,
  0.085239;0.098800;-0.078819;,
  0.085239;0.098800;-0.078819;,
  0.085239;0.098800;-0.078819;,
  0.085239;0.098800;-0.078819;,
  0.085239;0.098800;-0.078819;,
  0.001567;0.011988;0.080738;,
  0.001567;0.011988;0.080738;,
  0.001567;0.011988;0.080738;,
  0.001567;0.011988;0.080738;,
  0.001567;0.011988;0.080738;,
  0.001567;0.011988;0.080738;,
  0.001567;0.011988;0.080738;,
  0.036256;0.054345;-0.079758;,
  0.036256;0.054345;-0.079758;,
  0.036256;0.054345;-0.079758;,
  0.036256;0.054345;-0.079758;,
  0.036256;0.054345;-0.079758;,
  0.028573;0.095789;-0.080977;,
  0.079194;0.020524;0.085932;,
  0.079194;0.020524;0.085932;,
  0.079194;0.020524;0.085932;,
  0.079194;0.020524;0.085932;,
  0.079194;0.020524;0.085932;,
  0.076622;0.059135;-0.076271;,
  0.076622;0.059135;-0.076271;,
  0.076622;0.059135;-0.076271;,
  0.076622;0.059135;-0.076271;,
  0.076622;0.059135;-0.076271;,
  0.076622;0.059135;-0.076271;,
  0.063055;0.083378;-0.286933;,
  0.063055;0.083378;-0.286933;,
  0.087042;0.059236;-0.281756;,
  0.087042;0.059236;-0.281756;,
  0.087042;0.059236;-0.281756;,
  0.057945;0.032131;-0.269900;,
  0.057945;0.032131;-0.269900;,
  0.080856;0.037390;-0.263552;,
  0.080856;0.037390;-0.263552;,
  0.073426;0.013863;0.096205;,
  0.073426;0.013863;0.096205;,
  0.073426;0.013863;0.096205;,
  0.073426;0.013863;0.096205;,
  0.024188;-0.001238;0.094763;,
  0.024188;-0.001238;0.094763;,
  0.024188;-0.001238;0.094763;,
  0.024188;-0.001238;0.094763;,
  0.026867;0.009743;0.261177;,
  0.026867;0.009743;0.261177;,
  0.026867;0.009743;0.261177;,
  0.026867;0.009743;0.261177;,
  0.026867;0.009743;0.261177;,
  0.026867;0.009743;0.261177;,
  0.054980;0.014155;0.319464;,
  0.054980;0.014155;0.319464;,
  0.054980;0.014155;0.319464;,
  0.054980;0.014155;0.319464;,
  0.054980;0.014155;0.319464;,
  0.066518;0.028999;0.329094;,
  0.066518;0.028999;0.329094;,
  0.066518;0.028999;0.329094;,
  0.066518;0.028999;0.329094;,
  0.066518;0.028999;0.329094;,
  0.066518;0.028999;0.329094;,
  0.065426;0.082459;0.337310;,
  0.065426;0.082459;0.337310;,
  0.065426;0.082459;0.337310;,
  0.065426;0.082459;0.337310;,
  0.065426;0.082459;0.337310;,
  0.061504;0.079633;0.278656;,
  0.061504;0.079633;0.278656;,
  0.061504;0.079633;0.278656;,
  0.061504;0.079633;0.278656;,
  0.061504;0.079633;0.278656;,
  0.061504;0.079633;0.278656;,
  0.061451;0.029170;0.270891;,
  0.061451;0.029170;0.270891;,
  0.061451;0.029170;0.270891;,
  0.061451;0.029170;0.270891;,
  0.037237;0.122512;0.331314;,
  0.037237;0.122512;0.331314;,
  0.037237;0.122512;0.331314;,
  0.037237;0.122512;0.331314;,
  0.037237;0.122512;0.331314;,
  0.044882;0.112633;0.274570;,
  0.044882;0.112633;0.274570;,
  0.044882;0.112633;0.274570;,
  0.044882;0.112633;0.274570;,
  0.044882;0.112633;0.274570;,
  -0.011959;0.135792;0.319811;,
  -0.011959;0.135792;0.319811;,
  -0.011959;0.135792;0.319811;,
  -0.011959;0.135792;0.319811;,
  -0.011959;0.135792;0.319811;,
  -0.011959;0.135792;0.319811;,
  -0.011959;0.135792;0.319811;,
  -0.000342;0.126135;0.261708;,
  -0.000342;0.126135;0.261708;,
  -0.000342;0.126135;0.261708;,
  -0.000342;0.126135;0.261708;,
  -0.000342;0.126135;0.261708;,
  0.140685;-0.003296;0.415004;,
  0.140685;-0.003296;0.415004;,
  0.162364;0.031949;0.440119;,
  0.162364;0.031949;0.440119;,
  0.162364;0.031949;0.440119;,
  0.162364;0.031949;0.440119;,
  0.162364;0.031949;0.440119;,
  0.153170;-0.021515;0.420162;,
  0.153170;-0.021515;0.420162;,
  0.153170;-0.021515;0.420162;,
  0.153170;-0.021515;0.420162;,
  0.153170;-0.021515;0.420162;,
  0.140685;-0.003296;0.415004;,
  0.174989;0.013683;0.444914;,
  0.174989;0.013683;0.444914;,
  0.174989;0.013683;0.444914;,
  0.174989;0.013683;0.444914;,
  0.174989;0.013683;0.444914;,
  0.174989;0.013683;0.444914;,
  0.056013;0.078942;0.386883;,
  0.056013;0.078942;0.386883;,
  0.066804;0.099777;0.395503;,
  0.066804;0.099777;0.395503;,
  0.066804;0.099777;0.395503;,
  0.066804;0.099777;0.395503;,
  0.066804;0.099777;0.395503;,
  0.066804;0.099777;0.395503;,
  0.149950;-0.001368;0.385161;,
  0.149950;-0.001368;0.385161;,
  0.149950;-0.001368;0.385161;,
  0.149950;-0.001368;0.385161;,
  0.149950;-0.001368;0.385161;,
  0.084105;0.082573;0.359512;,
  0.084105;0.082573;0.359512;,
  0.084105;0.082573;0.359512;,
  0.084105;0.082573;0.359512;,
  0.056013;0.078942;0.386883;,
  0.056013;0.078942;0.386883;,
  0.179657;0.038808;0.412796;,
  0.179657;0.038808;0.412796;,
  0.179657;0.038808;0.412796;,
  0.179657;0.038808;0.412796;,
  0.091140;0.100241;0.366661;,
  0.091140;0.100241;0.366661;,
  0.091140;0.100241;0.366661;,
  0.091140;0.100241;0.366661;,
  0.091140;0.100241;0.366661;,
  0.020844;0.044607;0.472552;,
  0.020844;0.044607;0.472552;,
  0.020844;0.044607;0.472552;,
  0.020844;0.044607;0.472552;,
  0.023090;0.073857;0.478328;,
  0.023090;0.073857;0.478328;,
  0.023090;0.073857;0.478328;,
  0.023090;0.073857;0.478328;,
  0.023090;0.073857;0.478328;,
  -0.006525;0.047563;0.458898;,
  -0.006525;0.047563;0.458898;,
  -0.006461;0.069900;0.457729;,
  0.051353;0.006269;0.370339;,
  0.051353;0.006269;0.370339;,
  0.051353;0.006269;0.370339;,
  0.051353;0.006269;0.370339;,
  0.051353;0.006269;0.370339;,
  0.051353;0.006269;0.370339;,
  -0.034177;0.064032;0.456069;,
  -0.034177;0.064032;0.456069;,
  0.026110;0.096452;0.460366;,
  0.026110;0.096452;0.460366;,
  0.026110;0.096452;0.460366;,
  0.026110;0.096452;0.460366;,
  0.026110;0.096452;0.460366;,
  0.003356;0.092535;0.441657;,
  0.003356;0.092535;0.441657;,
  0.021482;0.097154;0.427037;,
  0.021482;0.097154;0.427037;,
  0.041107;0.091548;0.430790;,
  0.041107;0.091548;0.430790;,
  0.041107;0.091548;0.430790;,
  0.041107;0.091548;0.430790;,
  0.038017;0.010161;0.422393;,
  0.038017;0.010161;0.422393;,
  0.038017;0.010161;0.422393;,
  0.038017;0.010161;0.422393;,
  0.038017;0.010161;0.422393;,
  0.038865;0.013639;0.428264;,
  0.005858;0.014857;0.451190;,
  0.005858;0.014857;0.451190;,
  0.038865;0.013639;0.428264;,
  0.038865;0.013639;0.428264;,
  0.036985;0.068889;0.403351;,
  0.036985;0.068889;0.403351;,
  0.036985;0.068889;0.403351;,
  0.043550;0.023838;0.421137;,
  0.043550;0.023838;0.421137;,
  0.043550;0.023838;0.421137;,
  0.056541;0.038139;0.371432;,
  0.056541;0.038139;0.371432;,
  0.056541;0.038139;0.371432;,
  0.056541;0.038139;0.371432;,
  0.056541;0.038139;0.371432;,
  0.053373;0.073266;0.369968;,
  0.053373;0.073266;0.369968;,
  0.053373;0.073266;0.369968;,
  0.053373;0.073266;0.369968;,
  0.059622;0.021651;0.374018;,
  0.059622;0.021651;0.374018;,
  0.059622;0.021651;0.374018;,
  -0.048488;0.046179;0.475047;,
  -0.048488;0.046179;0.475047;,
  -0.048488;0.046179;0.475047;,
  -0.048488;0.046179;0.475047;,
  -0.048488;0.046179;0.475047;,
  -0.045184;0.067806;0.478591;,
  -0.045184;0.067806;0.478591;,
  -0.074347;0.035412;0.447588;,
  -0.074347;0.035412;0.447588;,
  -0.074347;0.035412;0.447588;,
  -0.069822;0.032867;0.467877;,
  -0.069822;0.032867;0.467877;,
  0.057945;0.032131;-0.269900;,
  0.057945;0.032131;-0.269900;,
  0.080856;0.037390;-0.263552;,
  0.080856;0.037390;-0.263552;,
  0.063055;0.083378;-0.286933;,
  0.063055;0.083378;-0.286933;,
  0.063055;0.083378;-0.286933;,
  0.087042;0.059236;-0.281756;,
  0.087042;0.059236;-0.281756;,
  0.028573;0.095789;-0.080977;,
  0.028573;0.095789;-0.080977;,
  -0.055517;0.082744;0.474931;,
  -0.055517;0.082744;0.474931;,
  -0.055517;0.082744;0.474931;,
  -0.055517;0.082744;0.474931;,
  -0.055517;0.082744;0.474931;,
  -0.055517;0.082744;0.474931;,
  -0.034177;0.064032;0.456069;,
  -0.034177;0.064032;0.456069;,
  -0.045184;0.067806;0.478591;,
  -0.045184;0.067806;0.478591;,
  -0.061225;0.098987;0.423788;,
